326
257
380
320
212
442
201
173
277
217
348
113
150
202
310
267
98
114
415
151
347
255
229
413
111
487
230
81
115
178
33
79
362
172
493
272
215
226
177
158
481
117
83
467
159
232
365
306
174
52
46
149
476
62
140
412
60
136
204
90
334
78
418
124
291
71
395
420
470
425
49
50
200
327
68
428
473
385
254
180
321
363
495
458
100
364
498
296
170
496
343
187
183
316
388
460
375
211
141
468
266
42
287
48
457
182
387
189
393
104
414
263
97
26
130
153
405
333
396
118
274
462
65
184
147
163
249
350
440
443
38
459
288
55
21
4
369
32
58
392
406
302
454
152
256
122
337
89
435
5
293
398
72
192
384
401
465
34
368
132
275
195
328
448
233
278
166
138
133
57
74
67
478
160
82
135
14
248
105
76
93
359
394
73
198
303
297
165
155
259
260
108
446
489
361
451
96
317
300
358
69
417
171
318
281
402
322
309
18
127
11
214
101
145
480
295
106
47
218
109
325
397
247
162
422
220
376
213
301
125
131
87
240
426
142
373
353
444
472
299
344
66
280
35
400
499
382
146
389
399
167
45
264
286
433
236
13
403
37
112
349
430
128
276
290
336
119
342
190
179
482
434
270
438
421
355
285
265
103
283
338
351
298
185
366
441
95
235
44
244
258
168
94
456
466
477
289
121
314
56
80
191
252
370
407
219
107
432
424
102
39
28
51
88
12
455
439
268
304
390
216
19
36
341
262
156
225
352
475
7
437
84
92
490
188
445
70
143
63
319
175
354
469
123
305
203
431
110
129
9
222
137
161
371
120
486
381
292
3
411
16
357
64
1
221
250
169
59
484
243
29
449
492
423
245
205
139
224
335
409
323
116
54
210
22
324
269
452
311
313
181
273
31
345
461
261
17
237
308
193
494
91
77
479
154
208
332
2
20
404
346
379
134
6
25
386
447
427
497
196
241
360
176
144
383
436
471
367
294
199
464
23
329
279
253
194
186
207
227
372
419
312
391
488
271
75
331
429
474
339
27
377
30
228
209
197
148
24
223
450
85
356
330
239
340
234
416
40
61
41
374
231
251
246
86
408
410
206
307
485
238
126
99
10
483
53
378
8
15
164
282
491
43
242
463
157
453
284
315
