11
47
173
15
445
235
495
375
451
8
245
303
16
284
325
111
426
383
210
259
104
386
202
276
384
341
163
295
299
448
358
238
491
32
145
410
246
225
46
328
417
409
75
373
429
138
352
48
161
398
242
150
441
253
72
478
401
404
330
103
252
6
211
390
493
367
346
201
312
395
437
400
81
35
243
472
197
371
133
268
469
101
306
326
462
425
239
407
120
439
232
254
108
320
454
178
188
440
143
240
260
168
452
39
217
430
20
62
413
287
80
428
304
290
485
316
351
160
125
244
459
3
42
465
298
107
392
274
307
237
463
323
159
123
266
366
157
71
271
272
357
311
192
74
95
146
314
200
388
480
154
377
300
100
435
54
291
234
21
112
119
431
436
121
411
147
315
424
124
414
385
464
283
30
221
78
335
176
420
432
23
136
382
475
106
114
380
170
222
288
467
327
205
336
349
322
69
379
24
158
224
204
94
102
319
207
216
450
116
129
189
434
185
220
31
251
396
492
219
218
41
275
466
447
140
337
487
228
498
36
343
180
231
208
321
381
212
405
181
421
166
446
477
233
470
195
53
471
334
96
126
92
355
29
372
68
128
89
362
456
261
258
14
499
83
457
97
257
109
19
130
66
93
331
144
442
236
378
79
368
256
174
169
17
186
267
155
122
82
164
9
59
52
113
364
286
172
449
496
131
433
134
347
422
412
423
137
183
376
297
483
230
427
265
64
55
270
118
190
184
25
374
497
461
324
340
360
149
476
481
348
105
162
135
264
282
248
479
280
58
214
73
152
12
361
182
194
38
227
356
302
416
153
269
397
98
191
187
370
167
199
339
408
91
329
486
438
22
193
206
110
310
127
28
263
285
60
333
115
344
273
229
353
455
241
365
247
387
198
148
165
203
139
117
1
389
7
399
156
70
250
90
76
403
277
460
40
34
99
391
51
458
132
88
444
262
37
5
406
338
474
488
279
223
468
18
418
482
142
49
57
453
393
354
4
345
292
473
67
318
342
402
13
363
394
296
301
61
10
305
44
255
293
419
281
209
179
489
350
249
226
45
308
77
494
309
278
443
65
86
289
171
26
215
484
63
27
56
151
196
87
33
2
313
50
490
359
141
85
415
213
294
43
84
317
332
369
175
177
