492
935
588
678
543
321
857
700
794
902
478
934
364
774
551
911
60
665
333
729
291
586
96
152
620
469
802
134
604
992
341
171
885
496
869
326
701
499
521
211
407
493
350
504
110
966
132
841
693
106
998
516
448
175
451
585
68
428
3
999
30
624
57
121
917
450
344
785
31
230
176
611
468
419
804
629
8
853
991
525
27
92
136
859
437
958
910
687
193
595
820
409
536
781
302
899
436
45
694
709
383
431
115
299
357
287
742
685
953
201
114
362
748
332
169
574
940
137
995
960
145
676
577
268
221
465
337
104
154
460
415
778
983
452
882
250
553
285
657
916
310
275
269
571
906
659
391
101
190
743
582
329
218
12
540
606
236
50
520
892
274
705
821
130
889
943
861
884
298
592
39
166
526
113
93
718
512
895
155
32
734
646
15
708
530
33
423
777
399
925
47
724
550
353
579
10
560
54
831
87
200
413
223
698
556
65
500
49
795
757
37
890
490
174
260
810
358
583
244
107
753
219
349
217
770
686
523
740
82
614
675
741
458
779
402
185
443
300
345
311
719
639
842
157
561
800
751
495
84
324
124
212
119
962
147
378
968
537
625
949
420
564
662
689
671
207
994
847
44
894
801
63
271
872
395
103
976
988
283
77
432
62
984
170
714
589
216
559
715
745
735
660
365
838
74
203
792
567
367
754
150
601
796
328
816
89
210
79
789
18
529
744
354
756
866
429
308
111
224
414
878
666
946
227
799
256
993
426
609
455
797
64
233
501
901
434
634
522
840
289
73
133
843
172
390
704
86
948
363
242
276
981
667
923
722
2
393
554
196
648
162
374
607
122
788
783
317
871
865
360
824
728
562
806
294
684
713
481
710
143
183
912
531
168
696
5
920
868
263
619
733
381
803
408
600
401
406
498
630
297
881
163
286
48
238
142
855
798
605
874
688
616
931
108
839
505
764
633
737
214
99
454
199
664
359
951
69
813
514
127
732
510
370
78
695
141
40
75
323
36
382
192
597
240
850
593
776
22
91
179
59
829
578
985
752
590
791
316
921
828
295
245
487
338
645
129
637
262
565
43
352
489
936
228
188
140
312
186
720
249
622
632
123
225
416
909
139
542
422
891
314
939
453
618
126
248
494
680
373
771
615
335
904
533
844
746
793
669
330
29
491
908
95
464
173
717
265
617
759
587
511
56
524
26
986
969
375
195
466
112
470
417
55
952
486
971
331
404
957
42
786
731
447
421
342
135
277
231
58
220
915
23
61
476
538
549
652
643
699
809
484
780
181
449
773
924
25
102
327
979
545
961
386
482
572
13
418
726
164
896
518
682
621
826
90
967
292
527
100
535
20
160
876
19
388
736
727
681
836
631
887
640
376
747
942
410
280
691
128
636
563
827
848
707
628
677
446
683
259
229
472
548
858
642
546
261
304
580
243
725
208
817
721
267
765
886
755
257
900
167
394
959
398
596
937
914
815
822
46
864
497
255
251
661
204
716
1
569
532
485
975
541
990
252
566
761
883
318
202
544
897
539
873
812
641
148
805
159
807
206
599
70
52
6
656
301
627
837
116
767
610
222
120
818
385
762
965
156
471
153
750
557
80
697
849
182
832
266
392
372
955
503
138
932
425
247
947
638
368
14
929
379
322
293
972
654
846
7
264
405
278
237
519
369
870
336
433
189
956
305
348
528
403
623
88
479
702
854
319
819
109
888
389
461
996
309
730
987
440
246
81
477
598
880
215
613
758
867
366
608
346
254
760
706
555
34
989
982
581
400
502
594
647
158
515
649
105
83
205
852
833
768
462
893
711
397
146
197
4
239
396
612
151
772
763
444
347
926
97
281
973
782
339
296
964
241
945
456
927
457
938
165
117
749
830
273
930
835
438
591
950
980
507
306
834
71
475
67
51
977
877
253
823
670
851
933
427
355
441
954
573
963
288
703
463
679
775
16
673
690
459
411
380
862
898
576
506
584
445
313
513
439
517
340
922
343
180
131
483
282
209
144
903
723
712
635
509
371
38
602
35
738
351
279
307
978
24
944
21
811
11
784
356
808
860
325
907
474
9
558
928
913
85
575
769
178
66
17
258
626
534
997
384
655
234
235
941
191
387
72
232
53
814
473
303
488
320
663
974
284
603
290
272
442
672
863
480
94
361
198
644
650
315
856
790
184
213
435
658
879
377
825
674
918
125
787
161
692
187
508
905
28
875
970
739
194
668
570
424
412
98
467
430
177
919
76
149
226
547
766
568
270
651
334
118
845
653
41
552
